13
Hydra               0.0000000 2.0309595 1.6684904 2.0306171 1.6415280 1.8665953 1.7251829 1.8546406 2.2265970 2.9806325 2.5854058 2.1062330 2.3876698 
Daphnia             2.0309595 0.0000000 2.1922459 2.2759655 2.6733528 2.3061796 2.2003031 2.2929850 3.1175366 4.5954543 3.9846498 4.0726618 3.8142567 
Drosophila          1.6684904 2.1922459 0.0000000 2.1702906 2.1992918 2.2070967 1.7335669 1.9116149 3.1008329 5.0241626 4.1195123 3.0658061 3.1325492 
ref_NP_001022662.2_ 2.0306171 2.2759655 2.1702906 0.0000000 2.6104934 2.2723095 2.0425918 2.2313062 3.3567800 4.6021787 3.9650094 3.4031504 3.6113820 
Trichoplax          1.6415280 2.6733528 2.1992918 2.6104934 0.0000000 2.2946849 2.2831097 2.5047498 2.6310781 4.5596002 4.0115674 2.7079224 3.2782261 
Nematostella        1.8665953 2.3061796 2.2070967 2.2723095 2.2946849 0.0000000 2.1682801 2.2847121 3.0580910 5.6955718 3.9762780 3.2776663 3.4624995 
Homo                1.7251829 2.2003031 1.7335669 2.0425918 2.2831097 2.1682801 0.0000000 1.0130674 2.9142384 7.9685155 4.0815341 3.8921111 3.3805812 
Bos                 1.8546406 2.2929850 1.9116149 2.2313062 2.5047498 2.2847121 1.0130674 0.0000000 3.3179793 4.7996108 4.2404501 3.6692211 3.8303019 
ref_XP_019864450.1_ 2.2265970 3.1175366 3.1008329 3.3567800 2.6310781 3.0580910 2.9142384 3.3179793 0.0000000 4.4912291 3.8167780 2.9146545 2.6879389 
Salpingoeca         2.9806325 4.5954543 5.0241626 4.6021787 4.5596002 5.6955718 7.9685155 4.7996108 4.4912291 0.0000000 5.1742439 6.8414534 5.1366088 
Monosiga            2.5854058 3.9846498 4.1195123 3.9650094 4.0115674 3.9762780 4.0815341 4.2404501 3.8167780 5.1742439 0.0000000 4.2771290 3.4666546 
Escherichia         2.1062330 4.0726618 3.0658061 3.4031504 2.7079224 3.2776663 3.8921111 3.6692211 2.9146545 6.8414534 4.2771290 0.0000000 3.4327093 
Ephydatia           2.3876698 3.8142567 3.1325492 3.6113820 3.2782261 3.4624995 3.3805812 3.8303019 2.6879389 5.1366088 3.4666546 3.4327093 0.0000000 
