16
Nematostella_vectensis   0.0000000 0.3176405 0.7889543 2.0107358 2.4152994 2.6573122 2.1298798 2.4722146 3.8174185 1.7871531 2.1643009 2.9199266 2.6832223 4.9416443 3.1154426 3.8075986 
Hydra_vulgaris           0.3176405 0.0000000 0.6513847 2.3228187 3.1029841 2.9092947 2.6984856 2.7912244 4.2936348 2.0506709 2.5731406 3.5222155 2.9498721 4.4073277 4.0650395 3.3517350 
Kudoa_iwatai             0.7889543 0.6513847 0.0000000 3.2744805 4.1138795 3.9981870 4.1531446 2.6504680 4.8369772 2.5406256 3.3284312 3.6407055 3.9037708 4.1087623 5.8121342 4.2121057 
Salpingoeca_rosetta      2.0107358 2.3228187 3.2744805 0.0000000 3.1536006 1.9754771 2.2662651 3.7846494 3.5513130 2.9757779 2.5699293 2.6318969 2.6574357 4.0684569 8.2871623 3.5390947 
Homo_sapiens             2.4152994 3.1029841 4.1138795 3.1536006 0.0000000 2.9412861 2.1083198 3.3099714 3.0570868 3.2563622 2.9986218 3.5658157 2.5733529 4.3945045 8.2026078 3.0058054 
Escherichia_coli         2.6573122 2.9092947 3.9981870 1.9754771 2.9412861 0.0000000 2.9082110 3.3664418 3.8096217 2.3318412 2.0152670 3.0711862 2.5646737 5.0901947 7.4090424 3.7744351 
Bos_taurus               2.1298798 2.6984856 4.1531446 2.2662651 2.1083198 2.9082110 0.0000000 2.9105350 2.9976676 2.0748971 2.5291250 3.9111414 3.3197248 5.0507450 7.5072546 2.4414001 
Daphnia_magna            2.4722146 2.7912244 2.6504680 3.7846494 3.3099714 3.3664418 2.9105350 0.0000000 2.7437773 2.4809635 3.4980190 3.2548479 2.7086799 3.6521185 5.3943868 3.0106595 
Monosiga_brevicollis     3.8174185 4.2936348 4.8369772 3.5513130 3.0570868 3.8096217 2.9976676 2.7437773 0.0000000 2.4222167 2.9327693 4.1560793 3.6129468 5.7021414 5.8121906 4.3080901 
Caenorhabditis_elegans   1.7871531 2.0506709 2.5406256 2.9757779 3.2563622 2.3318412 2.0748971 2.4809635 2.4222167 0.0000000 2.2417808 3.0143962 2.3207207 4.5777545 3.7985628 2.9740569 
Amphimedon_queenslandica 2.1643009 2.5731406 3.3284312 2.5699293 2.9986218 2.0152670 2.5291250 3.4980190 2.9327693 2.2417808 0.0000000 2.4108210 2.2887752 4.6887662 4.7423386 2.8047358 
Drosophila_melanogaster  2.9199266 3.5222155 3.6407055 2.6318969 3.5658157 3.0711862 3.9111414 3.2548479 4.1560793 3.0143962 2.4108210 0.0000000 2.4404138 7.7060297 6.4676291 3.7137536 
Ephydatia_muelleri       2.6832223 2.9498721 3.9037708 2.6574357 2.5733529 2.5646737 3.3197248 2.7086799 3.6129468 2.3207207 2.2887752 2.4404138 0.0000000 4.5268395 6.7674828 3.7126579 
Staphylococcus_aureus    4.9416443 4.4073277 4.1087623 4.0684569 4.3945045 5.0901947 5.0507450 3.6521185 5.7021414 4.5777545 4.6887662 7.7060297 4.5268395 0.0000000 8.9999983 5.2533950 
Capsaspora_owczarzaki    3.1154426 4.0650395 5.8121342 8.2871623 8.2026078 7.4090424 7.5072546 5.3943868 5.8121906 3.7985628 4.7423386 6.4676291 6.7674828 8.9999983 0.0000000 5.8327207 
Trichoplax_adhaerens     3.8075986 3.3517350 4.2121057 3.5390947 3.0058054 3.7744351 2.4414001 3.0106595 4.3080901 2.9740569 2.8047358 3.7137536 3.7126579 5.2533950 5.8327207 0.0000000 
