13
Homo_sapiens             0.0000000 0.2006871 1.6317535 1.5848825 1.4077664 1.7396979 1.6432079 1.8793626 2.2955780 2.5851499 2.3904968 1.7835737 2.4627529 
Bos_taurus               0.2006871 0.0000000 1.6880108 1.7045426 1.5322311 1.8938844 1.6897329 1.9847722 2.4851840 2.6912067 2.5673350 1.9435410 2.6807440 
Drosophila_melanogaster  1.6317535 1.6880108 0.0000000 2.1685771 2.0173936 2.1028131 2.0811736 2.1528259 2.8011211 3.1331190 3.3381158 3.1504758 2.5802171 
Caenorhabditis_elegans   1.5848825 1.7045426 2.1685771 0.0000000 1.8206078 2.1716876 1.9626308 2.3067291 2.8715792 3.1943642 3.3281478 2.8480317 3.0154148 
Daphnia_magna            1.4077664 1.5322311 2.0173936 1.8206078 0.0000000 2.0419331 2.0109382 2.0258946 3.3812569 3.2428978 3.0001311 2.4124052 3.1342295 
Hydra_vulgaris           1.7396979 1.8938844 2.1028131 2.1716876 2.0419331 0.0000000 1.9829609 1.8613061 2.5028757 3.1073693 3.2294939 2.6784753 2.6218826 
Nematostella_vectensis   1.6432079 1.6897329 2.0811736 1.9626308 2.0109382 1.9829609 0.0000000 2.1585652 3.0539086 3.0176237 3.3874735 2.6363317 2.9836216 
Trichoplax_adhaerens     1.8793626 1.9847722 2.1528259 2.3067291 2.0258946 1.8613061 2.1585652 0.0000000 2.4633438 3.4783413 3.9876718 2.3902597 2.5176701 
Amphimedon_queenslandica 2.2955780 2.4851840 2.8011211 2.8715792 3.3812569 2.5028757 3.0539086 2.4633438 0.0000000 2.8901937 2.9982252 3.8762674 2.1926011 
Monosiga_brevicollis     2.5851499 2.6912067 3.1331190 3.1943642 3.2428978 3.1073693 3.0176237 3.4783413 2.8901937 0.0000000 3.2056585 3.7707642 3.4695630 
Salpingoeca_rosetta      2.3904968 2.5673350 3.3381158 3.3281478 3.0001311 3.2294939 3.3874735 3.9876718 2.9982252 3.2056585 0.0000000 3.3457235 2.6649257 
Ephydatia_muelleri       1.7835737 1.9435410 3.1504758 2.8480317 2.4124052 2.6784753 2.6363317 2.3902597 3.8762674 3.7707642 3.3457235 0.0000000 2.3117815 
Escherichia_coli         2.4627529 2.6807440 2.5802171 3.0154148 3.1342295 2.6218826 2.9836216 2.5176701 2.1926011 3.4695630 2.6649257 2.3117815 0.0000000 
