14
Homo_sapiens             0.0000000 0.3099905 1.8175085 1.6929031 1.8749053 2.0089521 1.9024098 1.5928842 2.0386063 2.0320045 2.4017478 2.6492919 1.8997203 3.6547432 
Bos_taurus               0.3099905 0.0000000 2.0289766 1.8505936 1.9556055 2.1073792 2.0528863 1.7604748 2.1557641 2.1924279 2.6219596 2.6656464 1.9836423 4.9912295 
Daphnia_magna            1.8175085 2.0289766 0.0000000 2.0763187 2.3313317 2.1397460 2.3259497 2.0496764 2.8130033 3.1650301 3.1748342 3.4199205 2.8095516 6.7403797 
Caenorhabditis_elegans   1.6929031 1.8505936 2.0763187 0.0000000 2.2253287 2.1297529 2.1902212 1.9033472 2.6797338 2.6207865 2.9201524 3.6139008 2.2830986 7.8895264 
Hydra_vulgaris           1.8749053 1.9556055 2.3313317 2.2253287 0.0000000 2.3040571 2.0128861 1.8515111 2.3321010 2.6807330 2.9470982 2.5340724 2.1760260 7.5865254 
Drosophila_melanogaster  2.0089521 2.1073792 2.1397460 2.1297529 2.3040571 0.0000000 2.3014118 2.3004708 2.8107656 3.2001774 3.2966563 4.1315658 2.5873225 9.0000000 
Trichoplax_adhaerens     1.9024098 2.0528863 2.3259497 2.1902212 2.0128861 2.3014118 0.0000000 1.7758265 2.3046033 2.7554061 2.8715173 2.4910433 2.6164961 6.4358072 
Nematostella_vectensis   1.5928842 1.7604748 2.0496764 1.9033472 1.8515111 2.3004708 1.7758265 0.0000000 2.6053698 2.7745929 3.3019537 2.5191886 2.3698245 8.9999989 
Amphimedon_queenslandica 2.0386063 2.1557641 2.8130033 2.6797338 2.3321010 2.8107656 2.3046033 2.6053698 0.0000000 2.3561641 2.5971955 2.1219423 2.6793645 5.9822130 
Salpingoeca_rosetta      2.0320045 2.1924279 3.1650301 2.6207865 2.6807330 3.2001774 2.7554061 2.7745929 2.3561641 0.0000000 2.7274275 2.6312648 2.2155903 0.9088781 
Monosiga_brevicollis     2.4017478 2.6219596 3.1748342 2.9201524 2.9470982 3.2966563 2.8715173 3.3019537 2.5971955 2.7274275 0.0000000 5.5862564 2.7621239 9.0000000 
Escherichia_coli         2.6492919 2.6656464 3.4199205 3.6139008 2.5340724 4.1315658 2.4910433 2.5191886 2.1219423 2.6312648 5.5862564 0.0000000 2.1884495 8.9999984 
Ephydatia_muelleri       1.8997203 1.9836423 2.8095516 2.2830986 2.1760260 2.5873225 2.6164961 2.3698245 2.6793645 2.2155903 2.7621239 2.1884495 0.0000000 9.0000000 
Actinia_equina           3.6547432 4.9912295 6.7403797 7.8895264 7.5865254 9.0000000 6.4358072 8.9999989 5.9822130 0.9088781 9.0000000 8.9999984 9.0000000 0.0000000 
