15
Drosophila_melanogaster  0.0000000 1.7056322 1.8055916 1.7504044 1.7893800 1.9309397 2.0253260 1.9578282 2.3038814 2.4541168 2.5863503 2.4211458 2.6192185 3.5086127 2.1755368 
Daphnia_magna            1.7056322 0.0000000 2.0279852 2.1571976 2.5166727 2.1846592 2.1546444 2.0409566 3.3309799 3.6747106 3.9495699 4.1160590 3.1955217 3.4990402 5.1673236 
Caenorhabditis_elegans   1.8055916 2.0279852 0.0000000 2.2337639 2.2102128 2.2874828 1.9561116 2.0376540 3.3139626 3.1629505 3.5277016 3.7777159 3.1338369 4.3868377 4.7914152 
Hydra_vulgaris           1.7504044 2.1571976 2.2337639 0.0000000 2.1342659 2.3455440 2.1972805 1.8820856 2.6166628 3.0514222 3.7738680 2.6872193 2.6588763 3.2017867 3.0680684 
Trichoplax_adhaerens     1.7893800 2.5166727 2.2102128 2.1342659 0.0000000 2.4592187 2.1821319 2.2197805 2.6106177 2.9222397 3.5410228 3.0176081 2.9116420 3.6867511 2.6937619 
Homo_sapiens             1.9309397 2.1846592 2.2874828 2.3455440 2.4592187 0.0000000 1.0234529 1.8462509 3.4641104 3.6513581 4.3718734 3.7590085 3.9371950 5.5549394 5.9927728 
Bos_taurus               2.0253260 2.1546444 1.9561116 2.1972805 2.1821319 1.0234529 0.0000000 1.8792857 3.1143949 3.8479572 4.1342868 3.3959196 3.0415361 8.9999980 5.3393799 
Nematostella_vectensis   1.9578282 2.0409566 2.0376540 1.8820856 2.2197805 1.8462509 1.8792857 0.0000000 2.9485583 3.3735912 3.7033877 3.5625717 3.2871480 7.5064659 4.3245774 
Amphimedon_queenslandica 2.3038814 3.3309799 3.3139626 2.6166628 2.6106177 3.4641104 3.1143949 2.9485583 0.0000000 3.2253831 3.1323905 2.6605088 3.1814288 4.5943192 3.4561656 
Salpingoeca_rosetta      2.4541168 3.6747106 3.1629505 3.0514222 2.9222397 3.6513581 3.8479572 3.3735912 3.2253831 0.0000000 2.5640207 2.9490985 3.6597484 4.7433669 3.0039947 
Monosiga_brevicollis     2.5863503 3.9495699 3.5277016 3.7738680 3.5410228 4.3718734 4.1342868 3.7033877 3.1323905 2.5640207 0.0000000 4.0231363 3.4647248 3.7759842 4.0596550 
Escherichia_coli         2.4211458 4.1160590 3.7777159 2.6872193 3.0176081 3.7590085 3.3959196 3.5625717 2.6605088 2.9490985 4.0231363 0.0000000 2.5939436 9.0000000 2.3761624 
Ephydatia_muelleri       2.6192185 3.1955217 3.1338369 2.6588763 2.9116420 3.9371950 3.0415361 3.2871480 3.1814288 3.6597484 3.4647248 2.5939436 0.0000000 2.8088832 2.8846929 
Kudoa_iwatai             3.5086127 3.4990402 4.3868377 3.2017867 3.6867511 5.5549394 8.9999980 7.5064659 4.5943192 4.7433669 3.7759842 9.0000000 2.8088832 0.0000000 9.0000000 
Staphylococcus_aureus    2.1755368 5.1673236 4.7914152 3.0680684 2.6937619 5.9927728 5.3393799 4.3245774 3.4561656 3.0039947 4.0596550 2.3761624 2.8846929 9.0000000 0.0000000 
